7.600000 3.949684
8.90000 4.45845
14.000000  4.136558
14.000000  4.136558
13.900000  4.094712
0.90618137 0.04721413
0.86653942 0.06187828
0.69378403 0.07805478
0.68937486 0.08418838
0.6979549 0.0739816
6.000000 3.620927
6.900000 3.414023
10.600000  4.376706
10.600000  4.376706
10.300000  4.270051
0.92596654 0.04660138
0.90246170 0.04955342
0.80281703 0.06873515
0.80281703 0.06873515
0.81061430 0.05369446
3.100000 3.813718
3.200000 2.820559
9.100000 5.043147
9.500000 5.043147
10.700000  5.078276
0.97249609 0.03447395
0.96438528 0.02723366
0.88799139 0.04532844
0.86256037 0.05827034
0.86386034 0.04441772
3.10000 3.28126
3.400000 3.806427
5.800000 3.224903
8.700000 3.224903
9.50000 3.27448
0.96654568 0.03550662
0.97271344 0.03190197
0.92832555 0.05097682
0.87246418 0.03838169
0.8921976 0.0598558
1.800000 1.813529
1.800000 1.932184
4.900000 2.806738
9.400000 2.806738
11.800000  2.780887
0.96248408 0.03666697
0.97297679 0.02854369
0.93195082 0.04196382
0.84438515 0.03728165
0.86012766 0.03229374
1.1000000 0.9944289
2.20000 1.47573
5.100000 3.510302
8.000000 3.510302
12.20000  3.29309
0.97470964 0.03135395
0.96353246 0.02056618
0.94131148 0.04171016
0.89148505 0.03294932
0.85110300 0.03710399