7.600000 3.949684
9.000000 4.570436
13.500000  3.979112
13.500000  3.979112
13.300000  4.164666
0.90618137 0.04721413
0.87111346 0.05155171
0.68269985 0.08275093
0.68269985 0.08275093
0.69009185 0.08759099
6.000000 3.620927
7.1000 3.3483
10.400000  4.115013
10.400000  4.115013
10.600000  3.977716
0.92596654 0.04660138
0.90436479 0.04676689
0.78422342 0.08488103
0.78422342 0.08488103
0.78948299 0.07769223
3.100000 3.813718
3.300000 2.790858
6.300000 3.653005
8.100000 3.653005
9.000000 3.887301
0.97249609 0.03447395
0.96438528 0.02723366
0.90135062 0.04088894
0.85275291 0.05896559
0.86767698 0.04184995
3.10000 3.28126
3.600000 4.060651
5.800000 3.765339
8.800000 3.765339
10.900000  3.725289
0.96654568 0.03550662
0.97271344 0.03190197
0.91849419 0.04585783
0.87295142 0.06904462
0.87184257 0.05024255
1.800000 1.813529
1.60000 2.01108
3.600000 2.951459
8.000000 2.951459
11.600000  2.221111
0.96248408 0.03666697
0.9752444 0.0299127
0.95140093 0.03682411
0.88784670 0.04128293
0.85814709 0.04182712
1.1000000 0.9944289
1.700000 1.828782
3.600000 3.272783
7.300000 3.272783
11.700000  3.198958
0.97470964 0.03135395
0.97374442 0.02647145
0.97051399 0.03013184
0.89944435 0.04508214
0.85517074 0.02643475