8.400000 4.550946
9.900000 5.043147
11.700000  4.056545
12.200000  4.056545
12.200000  4.779586
0.90159798 0.03317655
0.85787476 0.03757024
0.77681500 0.03644533
0.77024964 0.03380019
0.77114393 0.04020575
5.400000 3.565265
8.100000 4.332051
10.300000  3.917199
10.700000  3.917199
11.000000  3.527668
0.93785936 0.02998219
0.9123071 0.0333262
0.83825780 0.04356013
0.83370939 0.05198677
0.8289911 0.0478328
2.200000 2.043961
3.600000 3.134042
5.50000 3.95109
7.40000 3.95109
9.700000 3.743142
0.97701865 0.03031901
0.97496044 0.02624966
0.93576002 0.03679431
0.90030897 0.04612013
0.87942003 0.04694922
2.300000 1.636392
2.300000 2.002776
4.600000 3.747592
6.600000 3.747592
10.200000  4.077036
0.96605412 0.02641106
0.97117070 0.03040794
0.95892186 0.02947642
0.91433006 0.03937072
0.88981424 0.05036201
1.60000 2.01108
1.400000 1.264911
3.000000 3.265986
6.100000 3.265986
10.80000  3.32666
0.97315210 0.03725419
0.97957701 0.02068186
0.97732250 0.02551258
0.92554874 0.03951653
0.86141368 0.03062026
0.600000 1.074968
1.300000 1.418136
1.900000 2.078995
5.600000 2.078995
12.500000  3.472111
0.99076619 0.01516638
0.97818199 0.02464026
0.98176237 0.02177808
0.93374738 0.03409349
0.8580337 0.0239700