4.3 2.86937856222098 
5.6 2.98886823619465 
7.6 2.98886823619465 
8 3.2659863237109 
14.4 3.59629438913631 
0.959664117558854 
 0.0291904147692368 
0.927101190259085 
 0.0310682994355919 
0.863453679243153 
 0.0539190494456379 
0.86018849455382 
 0.0565192979681712 
0.799614484242958 
 0.0520714161527048 

4.3 2.86937856222098 
5.7 3.16403399335581 
8.4 4.42718872423573 
6.1 3.31494930412049 
13.2 2.34757558155453 
0.959664117558854 
 0.0291904147692368 
0.923044007768013 
 0.0529694460005055 
0.860817835379239 
 0.047493162484311 
0.879564276055504 
 0.0500903586364823 
0.809621279449921 
 0.0336328536034787 
