"num_sample:  500"
1 6.200000 3.011091
2 9.700000 4.522782
3 13.700000  5.716448
4 13.800000  5.716448
5 13.700000  5.716448

"num_sample:  1000"
1 5.100000 2.424413
2 7.400000 4.141927
3 9.800000 4.939636
4 10.000000  4.939636
5 9.900000 4.677369

"num_sample:  5000"
1 3.500000 3.503966
2 3.800000 3.084009
3 4.500000 2.877113
4 6.500000 2.877113
5 7.700000 1.946507

"num_sample:  10000"
1 2.800000 3.521363
2 4.300000 3.591657
3 4.000000 3.126944
4 6.200000 3.126944
5 7.200000 1.932184

"num_sample:  50000"
1 1.600000 1.837873
2 1.800000 2.529822
3 3.300000 3.465705
4 5.900000 3.465705
5 10.200000  2.529822




1 0.90966859 0.03930505
1 0.94595117 0.03091504
1 0.9702973 0.0310149
1 0.96844035 0.02354546
1 0.97738750 0.03244628

2 0.85206565 0.03147869
2 0.91086672 0.03488741
2 0.9628394 0.0338597
2 0.95972511 0.03171275
2 0.97765171 0.02527915

3 0.74931368 0.05881155
3 0.85452815 0.05167758
3 0.94351889 0.02797038
3 0.96213244 0.02813804
3 0.97732250 0.02551258

4 0.74742608 0.06073572
4 0.84997974 0.06035082
4 0.90909422 0.03519124
4 0.91552789 0.03467578
4 0.93131610 0.04566777

5 0.74931368 0.05881155
5 0.85293286 0.06138652
5 0.89974450 0.04324274
5 0.89985490 0.04417428
5 0.87132981 0.03934251