td_pc
[[1]]
[1] 16.94

[[2]]
[1] 12.46

[[3]]
[1] 10.8

[[4]]
[1] 9.26

[[5]]
[1] 8.4

> mvpc_drw
[[1]]
[1] 16.9

[[2]]
[1] 11.78

[[3]]
[1] 8.72

[[4]]
[1] 7.54

[[5]]
[1] 5.22

> mvpc_permc
[[1]]
[1] 16.9

[[2]]
[1] 12.12

[[3]]
[1] 9.32

[[4]]
[1] 7.92

[[5]]
[1] 5.68

> ref
[[1]]
[1] 17.12

[[2]]
[1] 11.7

[[3]]
[1] 8.06

[[4]]
[1] 7.42

[[5]]
[1] 4.58

> pc
[[1]]
[1] 17.1

[[2]]
[1] 11.7

[[3]]
[1] 7.9

[[4]]
[1] 7

[[5]]
[1] 4.4

> std_td_pc
[[1]]
[1] 2.728609

[[2]]
[1] 3.62649

[[3]]
[1] 2.602981

[[4]]
[1] 3.115531

[[5]]
[1] 3.123316

> std_mvpc_drw
[[1]]
[1] 2.749768

[[2]]
[1] 3.471693

[[3]]
[1] 2.718343

[[4]]
[1] 2.756884

[[5]]
[1] 2.690042

> std_mvpc_permc
[[1]]
[1] 2.697315

[[2]]
[1] 3.589327

[[3]]
[1] 3.04014

[[4]]
[1] 2.776284

[[5]]
[1] 2.706304

> std_ref
[[1]]
[1] 2.767449

[[2]]
[1] 3.688094

[[3]]
[1] 2.244358

[[4]]
[1] 2.914356

[[5]]
[1] 2.286518

> std_pc
[[1]]
[1] 3.045572

[[2]]
[1] 3.939595

[[3]]
[1] 2.09226

[[4]]
[1] 2.595129

[[5]]
[1] 2.680238

> r_td_pc
[[1]]
[1] 0.8856265 0.1091584 0.3282609 0.1046965

[[2]]
[1] 0.90118959 0.07820595 0.59891304 0.10354233

[[3]]
[1] 0.90483883 0.06836767 0.70869565 0.08518238

[[4]]
[1] 0.92344615 0.05959651 0.75543478 0.08043511

[[5]]
[1] 0.90730629 0.05744356 0.84456522 0.05890507

> r_mvpc_drw
[[1]]
[1] 0.8879556 0.1073279 0.3282609 0.1046965

[[2]]
[1] 0.90775184 0.07718829 0.59673913 0.10187256

[[3]]
[1] 0.93604937 0.07408941 0.70543478 0.08112286

[[4]]
[1] 0.95242143 0.05343167 0.75108696 0.07780969

[[5]]
[1] 0.97717849 0.03494720 0.84021739 0.06020296

> r_mvpc_permc
[[1]]
[1] 0.8898206 0.1099616 0.3271739 0.1057810

[[2]]
[1] 0.92154737 0.06685447 0.59456522 0.10552949

[[3]]
[1] 0.95973211 0.06437051 0.70760870 0.08496234

[[4]]
[1] 0.97410036 0.03663773 0.75434783 0.08220982

[[5]]
[1] 0.98807573 0.02778718 0.84347826 0.06019293

> r_ref
[[1]]
[1] 0.87601794 0.12134750 0.34239130 0.08025473

[[2]]
[1] 0.92631831 0.08159271 0.60869565 0.09849103

[[3]]
[1] 0.96322637 0.05640025 0.72608696 0.07358980

[[4]]
[1] 0.96248253 0.04424164 0.75326087 0.08524616

[[5]]
[1] 0.97837304 0.02970045 0.86413043 0.05544070

> r_pc
[[1]]
[1] 0.8480676 0.1407345 0.3282609 0.1167391

[[2]]
[1] 0.91097515 0.05874149 0.63152174 0.10184885

[[3]]
[1] 0.96889656 0.04120651 0.73369565 0.08303570

[[4]]
[1] 0.96997549 0.03051572 0.76630435 0.06916514

[[5]]
[1] 0.98442739 0.02516233 0.87500000 0.05137012