(500,7.6)+-=(0,3.949684)
(1000,6)+-=(0,3.620927)
(5000,3.1)+-=(0,3.813718)
(10000,3.1)+-=(0,3.28126)
(50000,1.8)+-=(0,1.813529)
(100000,1.1)+-=(0,0.9944289)

(500,9)+-=(0,4.570436)
(1000,7.1)+-=(0,3.3483)
(5000,3.3)+-=(0,2.790858)
(10000,3.6)+-=(0,4.060651)
(50000,1.6)+-=(0,2.01108)
(100000,1.7)+-=(0,1.828782)

(500,13.4)+-=(0,4.060651)
(1000,10.6)+-=(0,4.195235)
(5000,6.3)+-=(0,3.713339)
(10000,6.2)+-=(0,3.552777)
(50000,3.8)+-=(0,2.740641)
(100000,3.8)+-=(0,3.583915)

(500,13.6)+-=(0,4.060651)
(1000,10.7)+-=(0,4.195235)
(5000,8)+-=(0,3.713339)
(10000,9.1)+-=(0,3.552777)
(50000,8.4)+-=(0,2.740641)
(100000,7.5)+-=(0,3.583915)

(500,13.3)+-=(0,4.164666)
(1000,10.6)+-=(0,3.977716)
(5000,9)+-=(0,3.887301)
(10000,10.9)+-=(0,3.725289)
(50000,11.6)+-=(0,2.221111)
(100000,12.2)+-=(0,3.29309)

(500,0.90618137)+-=(0,0.04721413)
(1000,0.92596654)+-=(0,0.04660138)
(5000,0.97249609)+-=(0,0.03447395)
(10000,0.96654568)+-=(0,0.03550662)
(50000,0.96248408)+-=(0,0.03666697)
(100000,0.97470964)+-=(0,0.03135395)

(500,0.87111346)+-=(0,0.05155171)
(1000,0.90436479)+-=(0,0.04676689)
(5000,0.96438528)+-=(0,0.02723366)
(10000,0.97271344)+-=(0,0.03190197)
(50000,0.9752444)+-=(0,0.0299127)
(100000,0.97374442)+-=(0,0.02647145)

(500,0.68649311)+-=(0,0.08454548)
(1000,0.78422342)+-=(0,0.08488103)
(5000,0.90142618)+-=(0,0.03799193)
(10000,0.91688051)+-=(0,0.03663319)
(50000,0.94692287)+-=(0,0.03617069)
(100000,0.96604278)+-=(0,0.03420483)

(500,0.68269985)+-=(0,0.08275093)
(1000,0.78422342)+-=(0,0.08488103)
(5000,0.87095192)+-=(0,0.04495865)
(10000,0.87290713)+-=(0,0.07186219)
(50000,0.88477883)+-=(0,0.05232462)
(100000,0.91037014)+-=(0,0.04305899)

(500,0.69009185)+-=(0,0.08759099)
(1000,0.78948299)+-=(0,0.07769223)
(5000,0.86767698)+-=(0,0.04184995)
(10000,0.87184257)+-=(0,0.05024255)
(50000,0.85814709)+-=(0,0.04182712)
(100000,0.85517074)+-=(0,0.02643475)