[1] "num_sample:  10000"
[1] 3.10000 3.28126
[1] 3.400000 3.806427
[1] 5.800000 3.224903
[1] 8.700000 3.224903
[1] 9.50000 3.27448

[1] 0.96654568 0.03550662
[1] 0.97271344 0.03190197
[1] 0.92832555 0.05097682
[1] 0.87246418 0.03838169
[1] 0.8921976 0.0598558

[1] "num_sample:  10000"
[1] 4.200000 2.529822
[1] 5.00000 2.44949
[1] 7.500000 3.407508
[1] 10.400000  3.407508
[1] 15.000000  4.921608

[1] 0.97736993 0.02083407
[1] 0.97036885 0.01558782
[1] 0.95682885 0.02207709
[1] 0.93674433 0.03210406
[1] 0.92197365 0.02657883
[1] "num_sample:  10000"

[1] 16.30000  5.45792
[1] 17.000000  6.765928
[1] 13.100000  4.483302
[1] 16.300000  4.483302
[1] 23.900000  5.108816

[1] 0.95475400 0.01603516
[1] 0.95537567 0.01968621
[1] 0.97059160 0.01027456
[1] 0.96104268 0.01442818
[1] 0.94643288 0.01246147