[1] "num_sample:  500"
[1] 8.400000 4.550946
[1] 9.900000 5.043147
[1] 11.700000  4.056545
[1] 12.200000  4.056545
[1] 12.200000  4.779586
[1] 0.90159798 0.03317655
[1] 0.85787476 0.03757024
[1] 0.77681500 0.03644533
[1] 0.77024964 0.03380019
[1] 0.77114393 0.04020575
[1] "num_sample:  1000"
[1] 5.400000 3.565265
[1] 8.100000 4.332051
[1] 10.300000  3.917199
[1] 10.700000  3.917199
[1] 11.000000  3.527668
[1] 0.93785936 0.02998219
[1] 0.9123071 0.0333262
[1] 0.83825780 0.04356013
[1] 0.83370939 0.05198677
[1] 0.8289911 0.0478328
[1] "num_sample:  5000"
[1] 2.200000 2.043961
[1] 3.600000 3.134042
[1] 5.50000 3.95109
[1] 7.40000 3.95109
[1] 9.700000 3.743142
[1] 0.97701865 0.03031901
[1] 0.97496044 0.02624966
[1] 0.93576002 0.03679431
[1] 0.90030897 0.04612013
[1] 0.87942003 0.04694922
[1] "num_sample:  10000"
[1] 2.300000 1.636392
[1] 2.300000 2.002776
[1] 4.600000 3.747592
[1] 6.600000 3.747592
[1] 10.200000  4.077036
[1] 0.96605412 0.02641106
[1] 0.97117070 0.03040794
[1] 0.95892186 0.02947642
[1] 0.91433006 0.03937072
[1] 0.88981424 0.05036201
[1] "num_sample:  50000"
[1] 1.60000 2.01108
[1] 1.400000 1.264911
[1] 3.000000 3.265986
[1] 6.100000 3.265986
[1] 10.80000  3.32666
[1] 0.97315210 0.03725419
[1] 0.97957701 0.02068186
[1] 0.97732250 0.02551258
[1] 0.92554874 0.03951653
[1] 0.86141368 0.03062026
[1] "num_sample:  1e+05"
[1] 0.600000 1.074968
[1] 1.300000 1.418136
[1] 1.900000 2.078995
[1] 5.600000 2.078995
[1] 12.500000  3.472111
[1] 0.99076619 0.01516638
[1] 0.97818199 0.02464026
[1] 0.98176237 0.02177808
[1] 0.93374738 0.03409349
[1] 0.8580337 0.0239700