> r_td_pc
[[1]]
[1] 0.87969054 0.09776512 0.33260870 0.09499555

[[2]]
[1] 0.8941369 0.0839264 0.5869565 0.1072043

[[3]]
[1] 0.92740009 0.07145841 0.71304348 0.07485897

[[4]]
[1] 0.92039868 0.07091186 0.74673913 0.07630507

[[5]]
[1] 0.90576728 0.05268061 0.85760870 0.05770364

> r_mvpc_drw
[[1]]
[1] 0.87969054 0.09776512 0.33260870 0.09499555

[[2]]
[1] 0.9070640 0.0767179 0.5847826 0.1063900

[[3]]
[1] 0.94698764 0.06824975 0.71195652 0.07467320

[[4]]
[1] 0.94632691 0.06393004 0.74347826 0.07572516

[[5]]
[1] 0.96576637 0.03964796 0.84782609 0.05958796

> r_mvpc_permc
[[1]]
[1] 0.88411600 0.10506874 0.32282609 0.09231981

[[2]]
[1] 0.92026511 0.07466281 0.57282609 0.10990224

[[3]]
[1] 0.95997156 0.06001875 0.68695652 0.07485897

[[4]]
[1] 0.96756042 0.05197256 0.72717391 0.07506036

[[5]]
[1] 0.97936990 0.03508919 0.83913043 0.06404256


> r_ref
[[1]]
[1] 0.87424948 0.11480714 0.34673913 0.07102595

[[2]]
[1] 0.93772464 0.07926769 0.60869565 0.10181920

[[3]]
[1] 0.95782268 0.05811418 0.72717391 0.07047972

[[4]]
[1] 0.96509005 0.04322240 0.75108696 0.08595162

[[5]]
[1] 0.98313404 0.02580676 0.86956522 0.05424047

> r_pc
[[1]]
[1] 0.8480676 0.1407345 0.3282609 0.1167391

[[2]]
[1] 0.91097515 0.05874149 0.63152174 0.10184885

[[3]]
[1] 0.96889656 0.04120651 0.73369565 0.08303570

[[4]]
[1] 0.96997549 0.03051572 0.76630435 0.06916514

[[5]]
[1] 0.98442739 0.02516233 0.87500000 0.05137012


> td_pc
[[1]]
[1] 16.98

[[2]]
[1] 13

[[3]]
[1] 9.8

[[4]]
[1] 9

[[5]]
[1] 8.32

> mvpc_drw
[[1]]
[1] 17.12

[[2]]
[1] 12.5

[[3]]
[1] 9.52

[[4]]
[1] 8.3

[[5]]
[1] 5.72

> mvpc_permc
[[1]]
[1] 16.98

[[2]]
[1] 12.54

[[3]]
[1] 9.12

[[4]]
[1] 8.04

[[5]]
[1] 5.56


> ref
[[1]]
[1] 17.08

[[2]]
[1] 11.44

[[3]]
[1] 8.12

[[4]]
[1] 7.38

[[5]]
[1] 4.5

> pc
[[1]]
[1] 17.1

[[2]]
[1] 11.7

[[3]]
[1] 7.9

[[4]]
[1] 7

[[5]]
[1] 4.4


> std_td_pc
[[1]]
[1] 2.420069

[[2]]
[1] 3.714286

[[3]]
[1] 3.050594

[[4]]
[1] 2.948538

[[5]]
[1] 2.244631

> std_mvpc_drw
[[1]]
[1] 2.35294

[[2]]
[1] 3.866391

[[3]]
[1] 2.682064

[[4]]
[1] 2.443233

[[5]]
[1] 2.770397

> std_mvpc_permc
[[1]]
[1] 2.420069

[[2]]
[1] 3.687873

[[3]]
[1] 2.861711

[[4]]
[1] 2.799125

[[5]]
[1] 2.548789

> std_ref
[[1]]
[1] 2.790947

[[2]]
[1] 3.65982

[[3]]
[1] 2.34425

[[4]]
[1] 2.820407

[[5]]
[1] 2.53345

> std_pc
[[1]]
[1] 3.045572

[[2]]
[1] 3.939595

[[3]]
[1] 2.09226

[[4]]
[1] 2.595129

[[5]]
[1] 2.680238
